		04-21-2020, 10:47:28
	Testing on file: 531.deepsjeng_r_branches.cpu_trace
	___________________________________________________________
	perceptron, 2048, 12, 204719966, 204719966, 188297637, 16422329, 91.978142%
	perceptron, 2048, 22, 204719966, 204719966, 190511176, 14208790, 93.059395%
	perceptron, 2048, 32, 204719966, 204719966, 191304429, 13415537, 93.446884%
	perceptron, 2048, 42, 204719966, 204719966, 191545038, 13174928, 93.564415%
	perceptron, 2048, 52, 204719966, 204719966, 191702110, 13017856, 93.641136%
	perceptron, 2048, 62, 204719966, 204719966, 191792287, 12927679, 93.685188%
	___________________________________________________________
	perceptron, 4096, 12, 204719966, 204719966, 188615019, 16104947, 92.133179%
	perceptron, 4096, 22, 204719966, 204719966, 190776740, 13943226, 93.189117%
	perceptron, 4096, 32, 204719966, 204719966, 191540062, 13179904, 93.561981%
	perceptron, 4096, 42, 204719966, 204719966, 191778752, 12941214, 93.678574%
	perceptron, 4096, 52, 204719966, 204719966, 191938055, 12781911, 93.756393%
	perceptron, 4096, 62, 204719966, 204719966, 192017759, 12702207, 93.795326%
	___________________________________________________________
	perceptron, 8192, 12, 204719966, 204719966, 188742856, 15977110, 92.195625%
	perceptron, 8192, 22, 204719966, 204719966, 190894317, 13825649, 93.246552%
	perceptron, 8192, 32, 204719966, 204719966, 191634109, 13085857, 93.607925%
	perceptron, 8192, 42, 204719966, 204719966, 191869111, 12850855, 93.722710%
	perceptron, 8192, 52, 204719966, 204719966, 192025133, 12694833, 93.798927%
	perceptron, 8192, 62, 204719966, 204719966, 192099667, 12620299, 93.835335%
	___________________________________________________________
	perceptron, 16384, 12, 204719966, 204719966, 188775699, 15944267, 92.211670%
	perceptron, 16384, 22, 204719966, 204719966, 190927327, 13792639, 93.262680%
	perceptron, 16384, 32, 204719966, 204719966, 191663994, 13055972, 93.622520%
	perceptron, 16384, 42, 204719966, 204719966, 191898569, 12821397, 93.737106%
	perceptron, 16384, 52, 204719966, 204719966, 192055584, 12664382, 93.813797%
	perceptron, 16384, 62, 204719966, 204719966, 192129911, 12590055, 93.850105%
	___________________________________________________________
	perceptron, 32768, 12, 204719966, 204719966, 188775899, 15944067, 92.211769%
	perceptron, 32768, 22, 204719966, 204719966, 190927423, 13792543, 93.262726%
	perceptron, 32768, 32, 204719966, 204719966, 191664079, 13055887, 93.622566%
	perceptron, 32768, 42, 204719966, 204719966, 191898887, 12821079, 93.737259%
	perceptron, 32768, 52, 204719966, 204719966, 192055770, 12664196, 93.813896%
	perceptron, 32768, 62, 204719966, 204719966, 192130107, 12589859, 93.850204%
	___________________________________________________________
	perceptron, 65536, 12, 204719966, 204719966, 188775907, 15944059, 92.211769%
	perceptron, 65536, 22, 204719966, 204719966, 190927429, 13792537, 93.262726%
	perceptron, 65536, 32, 204719966, 204719966, 191664085, 13055881, 93.622566%
	perceptron, 65536, 42, 204719966, 204719966, 191898894, 12821072, 93.737259%
	perceptron, 65536, 52, 204719966, 204719966, 192055778, 12664188, 93.813896%
	perceptron, 65536, 62, 204719966, 204719966, 192130114, 12589852, 93.850204%
---------------------------------------------------------------------------
		04-21-2020, 11:36:36
	Testing on file: 541.leela_r_branches.cpu_trace
	___________________________________________________________
	perceptron, 2048, 12, 216132773, 216132773, 185840852, 30291921, 85.984573%
	perceptron, 2048, 22, 216132773, 216132773, 186914291, 29218482, 86.481239%
	perceptron, 2048, 32, 216132773, 216132773, 187249378, 28883395, 86.636276%
	perceptron, 2048, 42, 216132773, 216132773, 187317568, 28815205, 86.667824%
	perceptron, 2048, 52, 216132773, 216132773, 187382193, 28750580, 86.697731%
	perceptron, 2048, 62, 216132773, 216132773, 187527949, 28604824, 86.765167%
	___________________________________________________________
	perceptron, 4096, 12, 216132773, 216132773, 186034904, 30097869, 86.074364%
	perceptron, 4096, 22, 216132773, 216132773, 187094259, 29038514, 86.564507%
	perceptron, 4096, 32, 216132773, 216132773, 187415619, 28717154, 86.713188%
	perceptron, 4096, 42, 216132773, 216132773, 187471824, 28660949, 86.739197%
	perceptron, 4096, 52, 216132773, 216132773, 187522536, 28610237, 86.762657%
	perceptron, 4096, 62, 216132773, 216132773, 187654977, 28477796, 86.823936%
	___________________________________________________________
	perceptron, 8192, 12, 216132773, 216132773, 186256821, 29875952, 86.177040%
	perceptron, 8192, 22, 216132773, 216132773, 187305379, 28827394, 86.662186%
	perceptron, 8192, 32, 216132773, 216132773, 187635662, 28497111, 86.815002%
	perceptron, 8192, 42, 216132773, 216132773, 187690754, 28442019, 86.840485%
	perceptron, 8192, 52, 216132773, 216132773, 187743279, 28389494, 86.864792%
	perceptron, 8192, 62, 216132773, 216132773, 187876864, 28255909, 86.926598%
	___________________________________________________________
	perceptron, 16384, 12, 216132773, 216132773, 186259893, 29872880, 86.178459%
	perceptron, 16384, 22, 216132773, 216132773, 187310278, 28822495, 86.664452%
	perceptron, 16384, 32, 216132773, 216132773, 187638993, 28493780, 86.816544%
	perceptron, 16384, 42, 216132773, 216132773, 187694218, 28438555, 86.842094%
	perceptron, 16384, 52, 216132773, 216132773, 187746303, 28386470, 86.866196%
	perceptron, 16384, 62, 216132773, 216132773, 187880006, 28252767, 86.928055%
	___________________________________________________________
	perceptron, 32768, 12, 216132773, 216132773, 186260013, 29872760, 86.178520%
	perceptron, 32768, 22, 216132773, 216132773, 187310375, 28822398, 86.664490%
	perceptron, 32768, 32, 216132773, 216132773, 187639147, 28493626, 86.816612%
	perceptron, 32768, 42, 216132773, 216132773, 187694368, 28438405, 86.842163%
	perceptron, 32768, 52, 216132773, 216132773, 187746430, 28386343, 86.866257%
	perceptron, 32768, 62, 216132773, 216132773, 187880082, 28252691, 86.928085%
	___________________________________________________________
	perceptron, 65536, 12, 216132773, 216132773, 186261199, 29871574, 86.179062%
	perceptron, 65536, 22, 216132773, 216132773, 187311595, 28821178, 86.665062%
	perceptron, 65536, 32, 216132773, 216132773, 187639143, 28493630, 86.816612%
	perceptron, 65536, 42, 216132773, 216132773, 187695054, 28437719, 86.842476%
	perceptron, 65536, 52, 216132773, 216132773, 187746995, 28385778, 86.866508%
	perceptron, 65536, 62, 216132773, 216132773, 187881671, 28251102, 86.928818%
---------------------------------------------------------------------------
		04-21-2020, 12:36:43
	Testing on file: 548.exchange2_r_branches.cpu_trace
	___________________________________________________________
	perceptron, 2048, 12, 353851200, 353851200, 333663235, 20187965, 94.294785%
	perceptron, 2048, 22, 353851200, 353851200, 339643787, 14207413, 95.984917%
	perceptron, 2048, 32, 353851200, 353851200, 341313373, 12537827, 96.456757%
	perceptron, 2048, 42, 353851200, 353851200, 342037649, 11813551, 96.661446%
	perceptron, 2048, 52, 353851200, 353851200, 342602173, 11249027, 96.820976%
	perceptron, 2048, 62, 353851200, 353851200, 343268259, 10582941, 97.009209%
	___________________________________________________________
	perceptron, 4096, 12, 353851200, 353851200, 333790363, 20060837, 94.330719%
	perceptron, 4096, 22, 353851200, 353851200, 339737893, 14113307, 96.011513%
	perceptron, 4096, 32, 353851200, 353851200, 341397657, 12453543, 96.480576%
	perceptron, 4096, 42, 353851200, 353851200, 342116799, 11734401, 96.683807%
	perceptron, 4096, 52, 353851200, 353851200, 342679627, 11171573, 96.842865%
	perceptron, 4096, 62, 353851200, 353851200, 343343554, 10507646, 97.030487%
	___________________________________________________________
	perceptron, 8192, 12, 353851200, 353851200, 333816245, 20034955, 94.338028%
	perceptron, 8192, 22, 353851200, 353851200, 339757595, 14093605, 96.017082%
	perceptron, 8192, 32, 353851200, 353851200, 341413555, 12437645, 96.485069%
	perceptron, 8192, 42, 353851200, 353851200, 342131222, 11719978, 96.687881%
	perceptron, 8192, 52, 353851200, 353851200, 342692815, 11158385, 96.846588%
	perceptron, 8192, 62, 353851200, 353851200, 343356203, 10494997, 97.034058%
	___________________________________________________________
	perceptron, 16384, 12, 353851200, 353851200, 333864112, 19987088, 94.351562%
	perceptron, 16384, 22, 353851200, 353851200, 339799691, 14051509, 96.028976%
	perceptron, 16384, 32, 353851200, 353851200, 341451264, 12399936, 96.495720%
	perceptron, 16384, 42, 353851200, 353851200, 342166963, 11684237, 96.697983%
	perceptron, 16384, 52, 353851200, 353851200, 342730706, 11120494, 96.857300%
	perceptron, 16384, 62, 353851200, 353851200, 343393191, 10458009, 97.044518%
	___________________________________________________________
	perceptron, 32768, 12, 353851200, 353851200, 333884907, 19966293, 94.357430%
	perceptron, 32768, 22, 353851200, 353851200, 339832342, 14018858, 96.038208%
	perceptron, 32768, 32, 353851200, 353851200, 341481378, 12369822, 96.504227%
	perceptron, 32768, 42, 353851200, 353851200, 342196290, 11654910, 96.706268%
	perceptron, 32768, 52, 353851200, 353851200, 342758312, 11092888, 96.865097%
	perceptron, 32768, 62, 353851200, 353851200, 343419833, 10431367, 97.052048%
	___________________________________________________________
	perceptron, 65536, 12, 353851200, 353851200, 333890279, 19960921, 94.358948%
	perceptron, 65536, 22, 353851200, 353851200, 339832767, 14018433, 96.038322%
	perceptron, 65536, 32, 353851200, 353851200, 341481484, 12369716, 96.504257%
	perceptron, 65536, 42, 353851200, 353851200, 342196405, 11654795, 96.706299%
	perceptron, 65536, 52, 353851200, 353851200, 342758352, 11092848, 96.865105%
	perceptron, 65536, 62, 353851200, 353851200, 343419898, 10431302, 97.052071%
---------------------------------------------------------------------------
