	04-16-2020, 18:01:24
Testing on file: 531.deepsjeng_r_branches.cpu_trace
two_bit_local, 2048, 1, 204719966, 204719966, 168274768, 36445198, 82.197533%
two_bit_local, 2048, 2, 204719966, 204719966, 175794247, 28925719, 85.870590%
two_bit_local, 4096, 2, 204719966, 204719966, 177385518, 27334448, 86.647888%
two_bit_local, 8192, 2, 204719966, 204719966, 178085223, 26634743, 86.989662%
two_bit_local, 16384, 2, 204719966, 204719966, 178223608, 26496358, 87.057266%
two_bit_local, 32768, 2, 204719966, 204719966, 178223992, 26495974, 87.057457%
two_bit_local, 65536, 2, 204719966, 204719966, 178224001, 26495965, 87.057457%
two_bit_local, 131072, 2, 204719966, 204719966, 178224259, 26495707, 87.057587%
two_bit_local, 262144, 2, 204719966, 204719966, 178224259, 26495707, 87.057587%
two_bit_local, 524288, 2, 204719966, 204719966, 178224422, 26495544, 87.057663%
tournament, 2048, 8192, 8192, 204719966, 204719966, 186941479, 17778487, 91.315697%
tournament, 4096, 8192, 8192, 204719966, 204719966, 187526012, 17193954, 91.601234%
tournament, 4096, 16384, 16384, 204719966, 204719966, 189021302, 15698664, 92.331635%
tournament, 8192, 32768, 32768, 204719966, 204719966, 190515420, 14204546, 93.061478%
tournament, 16384, 65536, 65536, 204719966, 204719966, 191644783, 13075183, 93.613136%
tournament, 32768, 131072, 131072, 204719966, 204719966, 192429362, 12290604, 93.996384%
tournament, 65536, 262144, 262144, 204719966, 204719966, 193069113, 11650853, 94.308884%
gshare, 2048, 1, 204719966, 204719966, 163210554, 41509412, 79.723808%
gshare, 2048, 2, 204719966, 204719966, 168475857, 36244109, 82.295761%
gshare, 4096, 2, 204719966, 204719966, 174303528, 30416438, 85.142410%
gshare, 8192, 2, 204719966, 204719966, 179375114, 25344852, 87.619743%
gshare, 16384, 2, 204719966, 204719966, 183428771, 21291195, 89.599838%
gshare, 32768, 2, 204719966, 204719966, 186421948, 18298018, 91.061935%
gshare, 65536, 2, 204719966, 204719966, 188795696, 15924270, 92.221436%
gshare, 131072, 2, 204719966, 204719966, 190410534, 14309432, 93.010239%
gshare, 262144, 2, 204719966, 204719966, 191559435, 13160531, 93.571449%
gshare, 524288, 2, 204719966, 204719966, 192406793, 12313173, 93.985359%
__________________________________________________________	
	04-16-2020, 18:25:59
Testing on file: 541.leela_r_branches.cpu_trace
two_bit_local, 2048, 1, 216132773, 216132773, 168602556, 47530217, 78.008789%
two_bit_local, 2048, 2, 216132773, 216132773, 178713549, 37419224, 82.686928%
two_bit_local, 4096, 2, 216132773, 216132773, 178989861, 37142912, 82.814774%
two_bit_local, 8192, 2, 216132773, 216132773, 179391515, 36741258, 83.000610%
two_bit_local, 16384, 2, 216132773, 216132773, 179415029, 36717744, 83.011482%
two_bit_local, 32768, 2, 216132773, 216132773, 179417105, 36715668, 83.012451%
two_bit_local, 65536, 2, 216132773, 216132773, 179417270, 36715503, 83.012520%
two_bit_local, 131072, 2, 216132773, 216132773, 179417315, 36715458, 83.012543%
two_bit_local, 262144, 2, 216132773, 216132773, 179417317, 36715456, 83.012543%
two_bit_local, 524288, 2, 216132773, 216132773, 179417322, 36715451, 83.012550%
tournament, 2048, 8192, 8192, 216132773, 216132773, 182745134, 33387639, 84.552261%
tournament, 4096, 8192, 8192, 216132773, 216132773, 183053465, 33079308, 84.694916%
tournament, 4096, 16384, 16384, 216132773, 216132773, 184503226, 31629547, 85.365692%
tournament, 8192, 32768, 32768, 216132773, 216132773, 186125334, 30007439, 86.116203%
tournament, 16384, 65536, 65536, 216132773, 216132773, 187567157, 28565616, 86.783302%
tournament, 32768, 131072, 131072, 216132773, 216132773, 188871675, 27261098, 87.386879%
tournament, 65536, 262144, 262144, 216132773, 216132773, 190137178, 25995595, 87.972404%
gshare, 2048, 1, 216132773, 216132773, 157109504, 59023269, 72.691200%
gshare, 2048, 2, 216132773, 216132773, 162398973, 53733800, 75.138527%
gshare, 4096, 2, 216132773, 216132773, 166912106, 49220667, 77.226654%
gshare, 8192, 2, 216132773, 216132773, 171509766, 44623007, 79.353889%
gshare, 16384, 2, 216132773, 216132773, 175663141, 40469632, 81.275574%
gshare, 32768, 2, 216132773, 216132773, 179603048, 36529725, 83.098480%
gshare, 65536, 2, 216132773, 216132773, 182645636, 33487137, 84.506218%
gshare, 131072, 2, 216132773, 216132773, 185052567, 31080206, 85.619858%
gshare, 262144, 2, 216132773, 216132773, 187076008, 29056765, 86.556053%
gshare, 524288, 2, 216132773, 216132773, 188680246, 27452527, 87.298302%
__________________________________________________________
	04-16-2020, 18:49:55
Testing on file: 548.exchange2_r_branches.cpu_trace
two_bit_local, 2048, 1, 353851200, 353851200, 255602221, 98248979, 72.234383%
two_bit_local, 2048, 2, 353851200, 353851200, 292073706, 61777494, 82.541389%
two_bit_local, 4096, 2, 353851200, 353851200, 292146797, 61704403, 82.562042%
two_bit_local, 8192, 2, 353851200, 353851200, 292178159, 61673041, 82.570908%
two_bit_local, 16384, 2, 353851200, 353851200, 292195854, 61655346, 82.575905%
two_bit_local, 32768, 2, 353851200, 353851200, 292198756, 61652444, 82.576729%
two_bit_local, 65536, 2, 353851200, 353851200, 292200308, 61650892, 82.577171%
two_bit_local, 131072, 2, 353851200, 353851200, 292200308, 61650892, 82.577171%
two_bit_local, 262144, 2, 353851200, 353851200, 292200308, 61650892, 82.577171%
two_bit_local, 524288, 2, 353851200, 353851200, 292200308, 61650892, 82.577171%
tournament, 2048, 8192, 8192, 353851200, 353851200, 339450043, 14401157, 95.930168%
tournament, 4096, 8192, 8192, 353851200, 353851200, 339545935, 14305265, 95.957260%
tournament, 4096, 16384, 16384, 353851200, 353851200, 340231323, 13619877, 96.150955%
tournament, 8192, 32768, 32768, 353851200, 353851200, 341072859, 12778341, 96.388779%
tournament, 16384, 65536, 65536, 353851200, 353851200, 341744775, 12106425, 96.578667%
tournament, 32768, 131072, 131072, 353851200, 353851200, 342408788, 11442412, 96.766319%
tournament, 65536, 262144, 262144, 353851200, 353851200, 343028920, 10822280, 96.941582%
gshare, 2048, 1, 353851200, 353851200, 307809824, 46041376, 86.988487%
gshare, 2048, 2, 353851200, 353851200, 317557292, 36293908, 89.743164%
gshare, 4096, 2, 353851200, 353851200, 323451726, 30399474, 91.408958%
gshare, 8192, 2, 353851200, 353851200, 327680988, 26170212, 92.604179%
gshare, 16384, 2, 353851200, 353851200, 331076337, 22774863, 93.563721%
gshare, 32768, 2, 353851200, 353851200, 333406712, 20444488, 94.222298%
gshare, 65536, 2, 353851200, 353851200, 335464394, 18386806, 94.803795%
gshare, 131072, 2, 353851200, 353851200, 337596705, 16254495, 95.406403%
gshare, 262144, 2, 353851200, 353851200, 338867011, 14984189, 95.765396%
gshare, 524288, 2, 353851200, 353851200, 340193999, 13657201, 96.140411%
__________________________________________________________