Trace file used, ../cpu_traces/548.exchange2_r_branches.cpu_trace

perceptron, 2048, 12, 353851200, 353851200, 333723549, 20127651, 94.311836%
perceptron, 2048, 45, 353851200, 353851200, 341670149, 12181051, 96.557579%
perceptron, 2048, 62, 353851200, 353851200, 341651548, 12199652, 96.552322%
perceptron, 4096, 12, 353851200, 353851200, 333850772, 20000428, 94.347786%
perceptron, 4096, 45, 353851200, 353851200, 341743920, 12107280, 96.578430%
perceptron, 4096, 62, 353851200, 353851200, 341726868, 12124332, 96.573608%
perceptron, 8192, 12, 353851200, 353851200, 333877552, 19973648, 94.355354%
perceptron, 8192, 45, 353851200, 353851200, 341759815, 12091385, 96.582916%
perceptron, 8192, 62, 353851200, 353851200, 341742835, 12108365, 96.578125%
perceptron, 16384, 12, 353851200, 353851200, 333923957, 19927243, 94.368469%
perceptron, 16384, 45, 353851200, 353851200, 341789997, 12061203, 96.591446%
perceptron, 16384, 62, 353851200, 353851200, 341773145, 12078055, 96.586685%
perceptron, 32768, 12, 353851200, 353851200, 333947339, 19903861, 94.375076%
perceptron, 32768, 45, 353851200, 353851200, 341819870, 12031330, 96.599892%
perceptron, 32768, 62, 353851200, 353851200, 341802498, 12048702, 96.594978%
perceptron, 65536, 12, 353851200, 353851200, 333952799, 19898401, 94.376617%
perceptron, 65536, 45, 353851200, 353851200, 341819936, 12031264, 96.599907%
perceptron, 65536, 62, 353851200, 353851200, 341802569, 12048631, 96.594994%

----------------------------------

Trace file used, ../cpu_traces/541.leela_r_branches.cpu_trace

perceptron, 2048, 12, 216132773, 216132773, 185845282, 30287491, 85.986626%
perceptron, 2048, 45, 216132773, 216132773, 187539898, 28592875, 86.770699%
perceptron, 2048, 62, 216132773, 216132773, 187418617, 28714156, 86.714584%
perceptron, 4096, 12, 216132773, 216132773, 186038803, 30093970, 86.076164%
perceptron, 4096, 45, 216132773, 216132773, 187669768, 28463005, 86.830780%
perceptron, 4096, 62, 216132773, 216132773, 187550135, 28582638, 86.775421%
perceptron, 8192, 12, 216132773, 216132773, 186259039, 29873734, 86.178062%
perceptron, 8192, 45, 216132773, 216132773, 187846811, 28285962, 86.912697%
perceptron, 8192, 62, 216132773, 216132773, 187728118, 28404655, 86.857773%
perceptron, 16384, 12, 216132773, 216132773, 186262090, 29870683, 86.179482%
perceptron, 16384, 45, 216132773, 216132773, 187849274, 28283499, 86.913834%
perceptron, 16384, 62, 216132773, 216132773, 187730773, 28402000, 86.859009%
perceptron, 32768, 12, 216132773, 216132773, 186262271, 29870502, 86.179558%
perceptron, 32768, 45, 216132773, 216132773, 187849477, 28283296, 86.913925%
perceptron, 32768, 62, 216132773, 216132773, 187730902, 28401871, 86.859062%
perceptron, 65536, 12, 216132773, 216132773, 186263051, 29869722, 86.179924%
perceptron, 65536, 45, 216132773, 216132773, 187850424, 28282349, 86.914368%
perceptron, 65536, 62, 216132773, 216132773, 187731946, 28400827, 86.859550%

----------------------------------
Trace file used, ../cpu_traces/531.deepsjeng_r_branches.cpu_trace

perceptron, 2048, 12, 204719966, 204719966, 188318044, 16401922, 91.988113%
perceptron, 2048, 45, 204719966, 204719966, 191764107, 12955859, 93.671425%
perceptron, 2048, 62, 204719966, 204719966, 191716837, 13003129, 93.648331%
perceptron, 4096, 12, 204719966, 204719966, 188629191, 16090775, 92.140106%
perceptron, 4096, 45, 204719966, 204719966, 191969429, 12750537, 93.771713%
perceptron, 4096, 62, 204719966, 204719966, 191923428, 12796538, 93.749245%
perceptron, 8192, 12, 204719966, 204719966, 188756327, 15963639, 92.202202%
perceptron, 8192, 45, 204719966, 204719966, 192050748, 12669218, 93.811440%
perceptron, 8192, 62, 204719966, 204719966, 192005729, 12714237, 93.789444%
perceptron, 16384, 12, 204719966, 204719966, 188789955, 15930011, 92.218628%
perceptron, 16384, 45, 204719966, 204719966, 192080576, 12639390, 93.826004%
perceptron, 16384, 62, 204719966, 204719966, 192036226, 12683740, 93.804344%
perceptron, 32768, 12, 204719966, 204719966, 188789996, 15929970, 92.218658%
perceptron, 32768, 45, 204719966, 204719966, 192080562, 12639404, 93.826004%
perceptron, 32768, 62, 204719966, 204719966, 192036401, 12683565, 93.804428%
perceptron, 65536, 12, 204719966, 204719966, 188790004, 15929962, 92.218658%
perceptron, 65536, 45, 204719966, 204719966, 192080569, 12639397, 93.826004%
perceptron, 65536, 62, 204719966, 204719966, 192036405, 12683561, 93.804428%

----------------------------------