Trace file used, ../cpu_traces/548.exchange2_r_branches.cpu_trace

twobitlocal, 2048, 1, 353851200, 353851200, 255602221, 98248979, 72.234383%
twobitlocal, 2048, 2, 353851200, 353851200, 292073706, 61777494, 82.541389%
twobitlocal, 4096, 2, 353851200, 353851200, 292146797, 61704403, 82.562042%
twobitlocal, 8192, 2, 353851200, 353851200, 292178159, 61673041, 82.570908%
twobitlocal, 16384, 2, 353851200, 353851200, 292195854, 61655346, 82.575905%
twobitlocal, 32768, 2, 353851200, 353851200, 292198756, 61652444, 82.576729%
twobitlocal, 65536, 2, 353851200, 353851200, 292200308, 61650892, 82.577171%

----------------------------------
tournament, 8192, 16384, 16384, 353851200, 353851200, 338624980, 15226220, 95.697006%
tournament, 16384, 32768, 32768, 353851200, 353851200, 339515972, 14335228, 95.948799%
tournament, 32768, 65536, 65536, 353851200, 353851200, 340199811, 13651389, 96.142052%
tournament, 65536, 65536, 65536, 353851200, 353851200, 340202256, 13648944, 96.142738%

----------------------------------
gshare, 2048, 1, 353851200, 353851200, 307809824, 46041376, 86.988487%
gshare, 2048, 2, 353851200, 353851200, 317557292, 36293908, 89.743164%
gshare, 4096, 2, 353851200, 353851200, 323451726, 30399474, 91.408958%
gshare, 8192, 2, 353851200, 353851200, 327680988, 26170212, 92.604179%
gshare, 16384, 2, 353851200, 353851200, 331076337, 22774863, 93.563721%
gshare, 32768, 2, 353851200, 353851200, 333406712, 20444488, 94.222298%
gshare, 65536, 2, 353851200, 353851200, 335464394, 18386806, 94.803795%

----------------------------------
Trace file used, ../cpu_traces/531.deepsjeng_r_branches.cpu_trace

twobitlocal, 2048, 1, 204719966, 204719966, 168274768, 36445198, 82.197533%
twobitlocal, 2048, 2, 204719966, 204719966, 175794247, 28925719, 85.870590%
twobitlocal, 4096, 2, 204719966, 204719966, 177385518, 27334448, 86.647888%
twobitlocal, 8192, 2, 204719966, 204719966, 178085223, 26634743, 86.989662%
twobitlocal, 16384, 2, 204719966, 204719966, 178223608, 26496358, 87.057266%
twobitlocal, 32768, 2, 204719966, 204719966, 178223992, 26495974, 87.057457%
twobitlocal, 65536, 2, 204719966, 204719966, 178224001, 26495965, 87.057457%

----------------------------------
tournament, 8192, 16384, 16384, 204719966, 204719966, 189065200, 15654766, 92.353081%
tournament, 16384, 32768, 32768, 204719966, 204719966, 190484800, 14235166, 93.046516%
tournament, 32768, 65536, 65536, 204719966, 204719966, 191526418, 13193548, 93.555321%
tournament, 65536, 65536, 65536, 204719966, 204719966, 191526419, 13193547, 93.555321%

----------------------------------
gshare, 2048, 1, 204719966, 204719966, 163210554, 41509412, 79.723808%
gshare, 2048, 2, 204719966, 204719966, 168475857, 36244109, 82.295761%
gshare, 4096, 2, 204719966, 204719966, 174303528, 30416438, 85.142410%
gshare, 8192, 2, 204719966, 204719966, 179375114, 25344852, 87.619743%
gshare, 16384, 2, 204719966, 204719966, 183428771, 21291195, 89.599838%
gshare, 32768, 2, 204719966, 204719966, 186421948, 18298018, 91.061935%
gshare, 65536, 2, 204719966, 204719966, 188795696, 15924270, 92.221436%

----------------------------------
Trace file used, ../cpu_traces/541.leela_r_branches.cpu_trace

twobitlocal, 2048, 1, 216132773, 216132773, 168602556, 47530217, 78.008789%
twobitlocal, 2048, 2, 216132773, 216132773, 178713549, 37419224, 82.686928%
twobitlocal, 4096, 2, 216132773, 216132773, 178989861, 37142912, 82.814774%
twobitlocal, 8192, 2, 216132773, 216132773, 179391515, 36741258, 83.000610%
twobitlocal, 16384, 2, 216132773, 216132773, 179415029, 36717744, 83.011482%
twobitlocal, 32768, 2, 216132773, 216132773, 179417105, 36715668, 83.012451%
twobitlocal, 65536, 2, 216132773, 216132773, 179417270, 36715503, 83.012520%

----------------------------------
tournament, 8192, 16384, 16384, 216132773, 216132773, 184402190, 31730583, 85.318939%
tournament, 16384, 32768, 32768, 216132773, 216132773, 185900793, 30231980, 86.012314%
tournament, 32768, 65536, 65536, 216132773, 216132773, 187366680, 28766093, 86.690552%
tournament, 65536, 65536, 65536, 216132773, 216132773, 187366888, 28765885, 86.690643%

----------------------------------
gshare, 2048, 1, 216132773, 216132773, 157109504, 59023269, 72.691200%
gshare, 2048, 2, 216132773, 216132773, 162398973, 53733800, 75.138527%
gshare, 4096, 2, 216132773, 216132773, 166912106, 49220667, 77.226654%
gshare, 8192, 2, 216132773, 216132773, 171509766, 44623007, 79.353889%
gshare, 16384, 2, 216132773, 216132773, 175663141, 40469632, 81.275574%
gshare, 32768, 2, 216132773, 216132773, 179603048, 36529725, 83.098480%
gshare, 65536, 2, 216132773, 216132773, 182645636, 33487137, 84.506218%

----------------------------------
