548.exchange2_r_branches.cpu_trace

twobitlocal, 2048, 1, 353851200, 353851200, 255602221, 98248979, 72.234383%
twobitlocal, 2048, 2, 353851200, 353851200, 292073706, 61777494, 82.541389%
twobitlocal, 4096, 2, 353851200, 353851200, 292146797, 61704403, 82.562042%
twobitlocal, 8192, 2, 353851200, 353851200, 292178159, 61673041, 82.570908%
twobitlocal, 16384, 2, 353851200, 353851200, 292195854, 61655346, 82.575905%
twobitlocal, 32768, 2, 353851200, 353851200, 292198756, 61652444, 82.576729%
twobitlocal, 65536, 2, 353851200, 353851200, 292200308, 61650892, 82.577171%

----------------------------------
tournament, 8192, 16384, 16384, 353851200, 353851200, 338624980, 15226220, 95.697006%
tournament, 16384, 32768, 32768, 353851200, 353851200, 339515972, 14335228, 95.948799%
tournament, 32768, 65536, 65536, 353851200, 353851200, 340199811, 13651389, 96.142052%
tournament, 65536, 65536, 65536, 353851200, 353851200, 340202256, 13648944, 96.142738%

----------------------------------
gshare, 2048, 1, 353851200, 353851200, 303734008, 50117192, 85.836647%
gshare, 2048, 2, 353851200, 353851200, 315852751, 37998449, 89.261452%
gshare, 4096, 2, 353851200, 353851200, 318756829, 35094371, 90.082169%
gshare, 8192, 2, 353851200, 353851200, 321103209, 32747991, 90.745262%
gshare, 16384, 2, 353851200, 353851200, 323696625, 30154575, 91.478180%
gshare, 32768, 2, 353851200, 353851200, 326389665, 27461535, 92.239243%
gshare, 65536, 2, 353851200, 353851200, 328525956, 25325244, 92.842964%

531.deepsjeng_r_branches.cpu_trace

----------------------------------
twobitlocal, 2048, 1, 204719966, 204719966, 168274768, 36445198, 82.197533%
twobitlocal, 2048, 2, 204719966, 204719966, 175794247, 28925719, 85.870590%
twobitlocal, 4096, 2, 204719966, 204719966, 177385518, 27334448, 86.647888%
twobitlocal, 8192, 2, 204719966, 204719966, 178085223, 26634743, 86.989662%
twobitlocal, 16384, 2, 204719966, 204719966, 178223608, 26496358, 87.057266%
twobitlocal, 32768, 2, 204719966, 204719966, 178223992, 26495974, 87.057457%
twobitlocal, 65536, 2, 204719966, 204719966, 178224001, 26495965, 87.057457%

----------------------------------
tournament, 8192, 16384, 16384, 204719966, 204719966, 189065200, 15654766, 92.353081%
tournament, 16384, 32768, 32768, 204719966, 204719966, 190484800, 14235166, 93.046516%
tournament, 32768, 65536, 65536, 204719966, 204719966, 191526418, 13193548, 93.555321%
tournament, 65536, 65536, 65536, 204719966, 204719966, 191526419, 13193547, 93.555321%

----------------------------------
gshare, 2048, 1, 204719966, 204719966, 160966906, 43753060, 78.627846%
gshare, 2048, 2, 204719966, 204719966, 167085600, 37634366, 81.616661%
gshare, 4096, 2, 204719966, 204719966, 172313644, 32406322, 84.170410%
gshare, 8192, 2, 204719966, 204719966, 176965971, 27753995, 86.442940%
gshare, 16384, 2, 204719966, 204719966, 181074890, 23645076, 88.450035%
gshare, 32768, 2, 204719966, 204719966, 184307741, 20412225, 90.029198%
gshare, 65536, 2, 204719966, 204719966, 186833734, 17886232, 91.263069%

541.leela_r_branches.cpu_trace

----------------------------------
twobitlocal, 2048, 1, 216132773, 216132773, 168602556, 47530217, 78.008789%
twobitlocal, 2048, 2, 216132773, 216132773, 178713549, 37419224, 82.686928%
twobitlocal, 4096, 2, 216132773, 216132773, 178989861, 37142912, 82.814774%
twobitlocal, 8192, 2, 216132773, 216132773, 179391515, 36741258, 83.000610%
twobitlocal, 16384, 2, 216132773, 216132773, 179415029, 36717744, 83.011482%
twobitlocal, 32768, 2, 216132773, 216132773, 179417105, 36715668, 83.012451%
twobitlocal, 65536, 2, 216132773, 216132773, 179417270, 36715503, 83.012520%

----------------------------------
tournament, 8192, 16384, 16384, 216132773, 216132773, 184402190, 31730583, 85.318939%
tournament, 16384, 32768, 32768, 216132773, 216132773, 185900793, 30231980, 86.012314%
tournament, 32768, 65536, 65536, 216132773, 216132773, 187366680, 28766093, 86.690552%
tournament, 65536, 65536, 65536, 216132773, 216132773, 187366888, 28765885, 86.690643%

----------------------------------
gshare, 2048, 1, 216132773, 216132773, 155502939, 60629834, 71.947876%
gshare, 2048, 2, 216132773, 216132773, 161493854, 54638919, 74.719742%
gshare, 4096, 2, 216132773, 216132773, 165478366, 50654407, 76.563293%
gshare, 8192, 2, 216132773, 216132773, 169360402, 46772371, 78.359428%
gshare, 16384, 2, 216132773, 216132773, 172999387, 43133386, 80.043114%
gshare, 32768, 2, 216132773, 216132773, 176441736, 39691037, 81.635811%
gshare, 65536, 2, 216132773, 216132773, 179753850, 36378923, 83.168259%

----------------------------------
